
RX: 05 0E 04 03 03 0C 00
TX: 05 05 10 00 05 33 0C 07 4A 01 80 64 00 10 00 05 03 10 00
RX: 05 0E 0B 02 05 10 00 34 03 FF 08 00 10 00
TX: 05 01 10 00
RX: 05 0E 04 01 33 0C 00 05 0E 0C 02 03 10 00 FF FB FF FE DB FF 7B 87 05 0E 0C 02 01 10 00 06 3D 0C 06 5D 00 82 CF
TX: 05 18 0C 02 C0
TX: 5D
RX: 05 0E 04 02 18 0C 00
TX: 05 1C 0C 04 00 08 12 00
RX: 05 0E 04 02 1C 0C 00
TX: 05 43 0C 01 00
RX: 05 0E 04 02 43 0C 00
TX: 05 45 0C 01 01
RX: 05 0E 04 02 45 0C 00
TX: 05 47 0C 01 00
RX: 05 0E 04 02 47 0C 00
TX: 05 1E 0C 04 00 08 12 00
RX: 05 0E 04 02 1E 0C 00
TX: 05 26 0C 02 60 00
RX: 05 0E 04 02 26 0C 00
TX: 05 24 0C 03 04 04 00
RX: 05 0E 04 02 24 0C 00
TX: 05 1A 0C 01 01
RX: 05 0E 04 02 1A 0C 00
TX: 05 20 0C 01 01
RX: 05 0E 04 02 20 0C 00
TX: 05 13 0C 07 71 77 65 72 74 79 00
RX: 05 0E 04 02 13 0C 00
TX: 05 24 0C 03 04 04 10
RX: 05 0E 04 02 24 0C 00
TX: 05 1A 0C 01 03
RX: 05 0E 04 02 1A 0C 00
TX: 05 20 0C 01 00
RX: 05 0E 04 02 20 0C 00
TX: 05 24 0C 03 04 04 14
RX: 05 0E 04 02 24 0C 00
TX: 05 24 0C 03 04 04 34
RX: 05 0E 04 02 24 0C 00
TX: 05 01 04 05 33 8B 9E 30 00
RX: 05 0F 04 00 02 01 04 05 22 0F 01 FA 84 26 33 36 65 01 02 04 04 24 39 06 C4
TX: 05 02 04 00
RX: 05 0E 04 02 02 04 00
TX: 05 19 04 0A FA 84 26 33 36 65 01 00 39 86
RX: 05 0F 04 00 02 19 04 05 3D 0E FA 84 26 33 36 65 00 00 00 00 00 00 00 00 05 07 FF 00 FA 84 26 33 36 65 31 32 31 33 31 31 00 00 00 00 00 00 00 00 00 00 00 00 00 00 00 00 00 00 00 00 00 00 00 00 00 00 00 00 00 00 00 00 00 00 00 00 00 00 00 00 00 00 00 00 00 00 00 00 00 00 00 00 00 00 00 00 00 00 00 00 00 00 00 00 00 00 00 00 00 00 00 00 00 00 00 00 00 00 00 00 00 00 00 00 00 00 00 00 00 00 00 00 00 00 00 00 00 00 00 00 00 00 00 00 00 00 00 00 00 00 00 00 00 00 00 00 00 00 00 00 00 00 00 00 00 00 00 00 00 00 00 00 00 00 00 00 00 00 00 00 00 00 00 00 00 00 00 00 00 00 00 00 00 00 00 00 00 00 00 00 00 00 00 00 00 00 00 00 00 00 00 00 00 00 00 00 00 00 00 00 00 00 00 00 00 00 00 00 00 00 00 00 00 00 00 00 00 00 00 00 00 00 00 00 00 00 00 00 00 00 00 00 00 00 00 00 00 00 00 00 00 00 00 00 00 00 00 00 00 00 00 00 00 00 00 00 00 00 00 00 00 00
TX: 05 01 04 05 33 8B 9E 30 00
RX: 05 0F 04 00 02 01 04 05 22 0F 01 C5 24 C7 BE BE 8C 01 02 0C 02 5A BE 06 B4
TX: 05 02 04 00
RX: 05 0E 04 02 02 04 00
TX: 05 19 04 0A C5 24 C7 BE BE 8C 01 00 BE 86
RX: 05 0F 04 00 02 19 04 05 3D 0E C5 24 C7 BE BE 8C 01 00 00 00 00 00 00 00 05 07 FF 00 C5 24 C7 BE BE 8C E5 B0 8F E7 B1 B3 E6 89 8B E6 9C BA 77 65 00 00 00 00 00 00 00 00 00 00 00 00 00 00 00 00 00 00 00 00 00 00 00 00 00 00 00 00 00 00 00 00 00 00 00 00 00 00 00 00 00 00 00 00 00 00 00 00 00 00 00 00 00 00 00 00 00 00 00 00 00 00 00 00 00 00 00 00 00 00 00 00 00 00 00 00 00 00 00 00 00 00 00 00 00 00 00 00 00 00 00 00 00 00 00 00 00 00 00 00 00 00 00 00 00 00 00 00 00 00 00 00 00 00 00 00 00 00 00 00 00 00 00 00 00 00 00 00 00 00 00 00 00 00 00 00 00 00 00 00 00 00 00 00 00 00 00 00 00 00 00 00 00 00 00 00 00 00 00 00 00 00 00 00 00 00 00 00 00 00 00 00 00 00 00 00 00 00 00 00 00 00 00 00 00 00 00 00 00 00 00 00 00 00 00 00 00 00 00 00 00 00 00 00 00 00 00 00 00 00 00 00 00 00 00 00 00 00 00 00 00 00 00 00 00 00 00 00 00 00 00 00 00 00
TX: 05 01 04 05 33 8B 9E 30 00
RX: 05 0F 04 00 02 01 04 05 22 0F 01 58 71 28 82 E7 D0 01 02 00 01 92 1D 03 A6
TX: 05 02 04 00
RX: 05 0E 04 02 02 04 00
TX: 05 19 04 0A 58 71 28 82 E7 D0 01 00 1D 83
RX: 05 0F 04 00 02 19 04 05 3D 0E 58 71 28 82 E7 D0 00 00 00 00 00 00 00 00 05 07 FF 00 58 71 28 82 E7 D0 57 69 6E 64 6F 77 73 43 45 00 00 00 00 00 00 00 00 00 00 00 00 00 00 00 00 00 00 00 00 00 00 00 00 00 00 00 00 00 00 00 00 00 00 00 00 00 00 00 00 00 00 00 00 00 00 00 00 00 00 00 00 00 00 00 00 00 00 00 00 00 00 00 00 00 00 00 00 00 00 00 00 00 00 00 00 00 00 00 00 00 00 00 00 00 00 00 00 00 00 00 00 00 00 00 00 00 00 00 00 00 00 00 00 00 00 00 00 00 00 00 00 00 00 00 00 00 00 00 00 00 00 00 00 00 00 00 00 00 00 00 00 00 00 00 00 00 00 00 00 00 00 00 00 00 00 00 00 00 00 00 00 00 00 00 00 00 00 00 00 00 00 00 00 00 00 00 00 00 00 00 00 00 00 00 00 00 00 00 00 00 00 00 00 00 00 00 00 00 00 00 00 00 00 00 00 00 00 00 00 00 00 00 00 00 00 00 00 00 00 00 00 00 00 00 00 00 00 00 00 00 00 00 00 00 00 00 00 00 00 00 00 00 00 00 00 00 00 00
TX: 05 01 04 05 33 8B 9E 30 00
RX: 05 0F 04 00 02 01 04 05 22 0F 01 FA 84 26 33 36 65 01 02 04 04 24 39 06 B4 05 22 0F 01 5A 68 A1 18 0D 00 01 02 04 04 24 86 25 BC
TX: 05 02 04 00
RX: 05 0E 04 02 02 04 00
TX: 05 19 04 0A 5A 68 A1 18 0D 00 01 00 86 A5
RX: 05 0F 04 00 02 19 04 05 07 FF 04 5A 68 A1 18 0D 00 00 00 00 00 00 00 00 00 00 00 00 00 00 00 00 00 00 00 00 00 00 00 00 00 00 00 00 00 00 00 00 00 00 00 00 00 00 00 00 00 00 00 00 00 00 00 00 00 00 00 00 00 00 00 00 00 00 00 00 00 00 00 00 00 00 00 00 00 00 00 00 00 00 00 00 00 00 00 00 00 00 00 00 00 00 00 00 00 00 00 00 00 00 00 00 00 00 00 00 00 00 00 00 00 00 00 00 00 00 00 00 00 00 00 00 00 00 00 00 00 00 00 00 00 00 00 00 00 00 00 00 00 00 00 00 00 00 00 00 00 00 00 00 00 00 00 00 00 00 00 00 00 00 00 00 00 00 00 00 00 00 00 00 00 00 00 00 00 00 00 00 00 00 00 00 00 00 00 00 00 00 00 00 00 00 00 00 00 00 00 00 00 00 00 00 00 00 00 00 00 00 00 00 00 00 00 00 00 00 00 00 00 00 00 00 00 00 00 00 00 00 00 00 00 00 00 00 00 00 00 00 00 00 00 00 00 00 00 00 00 00 00 00 00 00 00 00 00
TX: 05 01 04 05 33 8B 9E 30 00
RX: 05 0F 04 00 02 01 04 05 22 0F 01 FA 84 26 33 36 65 01 02 04 04 24 39 06 A8 05 22 0F 01 BD 59 78 AD 55 CC 01 02 0C 02 7A FF 6B A6
TX: 05 02 04 00
RX: 05 0E 04 02 02 04 00
TX: 05 19 04 0A BD 59 78 AD 55 CC 01 00 FF EB
RX: 05 0F 04 00 02 19 04 05 3D 0E BD 59 78 AD 55 CC 01 00 00 00 00 00 00 00 05 07 FF 00 BD 59 78 AD 55 CC E4 B8 80 E4 BA 8C E4 B8 89 E5 9B 9B E4 BA 94 E5 85 AD E4 B8 83 E5 85 AB E4 B9 9D E5 8D 81 E4 B8 80 E4 BA 8C E4 B8 89 E5 9B 9B E4 BA 94 77 65 33 E4 B8 83 E5 85 AB E4 B9 9D E5 8D 81 E4 B8 80 E4 BA 8C E4 B8 89 E5 9B 9B E4 BA 94 E5 85 AD E4 B8 83 E5 85 AB E4 B9 9D E5 8D 81 E4 B8 80 E4 BA 8C E4 B8 89 E5 9B 9B E4 BA 94 E5 85 AD E4 B8 83 E5 85 AB E4 B9 9D E5 8D 81 E4 B8 80 00 00 00 00 00 00 00 00 00 00 00 00 00 00 00 00 00 00 00 00 00 00 00 00 00 00 00 00 00 00 00 00 00 00 00 00 00 00 00 00 00 00 00 00 00 00 00 00 00 00 00 00 00 00 00 00 00 00 00 00 00 00 00 00 00 00 00 00 00 00 00 00 00 00 00 00 00 00 00 00 00 00 00 00 00 00 00 00 00 00 00 00 00 00 00 00 00 00 00 00 00 00 00 00 00 00 00 00 00 00 00 00 00 00 00 00 00 00 00 00 00 00 00 00 00
TX: 05 01 04 05 33 8B 9E 30 00
RX: 05 0F 04 00 02 01 04 05 22 0F 01 31 99 FF 3A 1F 00 01 02 0C 01 00 0E 4E AE
TX: 05 02 04 00
RX: 05 0E 04 02 02 04 00
TX: 05 19 04 0A 31 99 FF 3A 1F 00 01 00 0E CE
RX: 05 0F 04 00 02 19 04 05 3D 0E 31 99 FF 3A 1F 00 00 00 00 00 00 00 00 00 05 07 FF 00 31 99 FF 3A 1F 00 6C 69 6E 5F 6C 61 70 74 6F 70 00 00 00 00 00 00 00 00 00 00 00 00 00 00 00 00 00 00 00 00 00 00 00 00 00 00 00 00 00 00 00 00 00 00 00 00 00 00 00 00 00 00 00 00 00 00 00 00 00 00 00 00 00 00 00 00 00 00 00 00 00 00 00 00 00 00 00 00 00 00 00 00 00 00 00 00 00 00 00 00 00 00 00 00 00 00 00 00 00 00 00 00 00 00 00 00 00 00 00 00 00 00 00 00 00 00 00 00 00 00 00 00 00 00 00 00 00 00 00 00 00 00 00 00 00 00 00 00 00 00 00 00 00 00 00 00 00 00 00 00 00 00 00 00 00 00 00 00 00 00 00 00 00 00 00 00 00 00 00 00 00 00 00 00 00 00 00 00 00 00 00 00 00 00 00 00 00 00 00 00 00 00 00 00 00 00 00 00 00 00 00 00 00 00 00 00 00 00 00 00 00 00 00 00 00 00 00 00 00 00 00 00 00 00 00 00 00 00 00 00 00 00 00 00 00 00 00 00 00 00 00 00 00 00 00 00 00 00
TX: 05 01 04 05 33 8B 9E 30 00
RX: 05 0F 04 00 02 01 04 05 22 0F 01 58 71 28 82 E7 D0 01 02 00 01 92 1D 03 AE 05 22 0F 01 31 99 FF 3A 1F 00 01 02 0C 01 00 12 4E B2 05 22 0F 01 3A 48 17 C8 17 30 01 02 04 02 5A C3 0A B2
TX: 05 02 04 00
RX: 05 0E 04 02 02 04 00
TX: 05 19 04 0A 3A 48 17 C8 17 30 01 00 C3 8A
RX: 05 0F 04 00 02 19 04 05 3D 0E 3A 48 17 C8 17 30 01 00 00 00 00 00 00 00 05 07 FF 00 3A 48 17 C8 17 30 4A 31 30 38 69 00 00 00 00 00 00 00 00 00 00 00 00 00 00 00 00 00 00 00 00 00 00 00 00 00 00 00 00 00 00 00 00 00 00 00 00 00 00 00 00 00 00 00 00 00 00 00 00 00 00 00 00 00 00 00 00 00 00 00 00 00 00 00 00 00 00 00 00 00 00 00 00 00 00 00 00 00 00 00 00 00 00 00 00 00 00 00 00 00 00 00 00 00 00 00 00 00 00 00 00 00 00 00 00 00 00 00 00 00 00 00 00 00 00 00 00 00 00 00 00 00 00 00 00 00 00 00 00 00 00 00 00 00 00 00 00 00 00 00 00 00 00 00 00 00 00 00 00 00 00 00 00 00 00 00 00 00 00 00 00 00 00 00 00 00 00 00 00 00 00 00 00 00 00 00 00 00 00 00 00 00 00 00 00 00 00 00 00 00 00 00 00 00 00 00 00 00 00 00 00 00 00 00 00 00 00 00 00 00 00 00 00 00 00 00 00 00 00 00 00 00 00 00 00 00 00 00 00 00 00 00 00 00 00 00 00 00 00 00 00 00 00 00
TX: 05 01 04 05 33 8B 9E 30 00
RX: 05 0F 04 00 02 01 04 05 22 0F 01 8D 6E A1 B7 6A C4 01 02 0C 02 5A 46 74 CA
TX: 05 02 04 00
RX: 05 0E 04 02 02 04 00
TX: 05 19 04 0A 8D 6E A1 B7 6A C4 01 00 46 F4
RX: 05 0F 04 00 02 19 04 05 3D 0E 8D 6E A1 B7 6A C4 01 00 00 00 00 00 00 00 05 07 FF 00 8D 6E A1 B7 6A C4 6C 69 6E 6C 69 6E 00 00 00 00 00 00 00 00 00 00 00 00 00 00 00 00 00 00 00 00 00 00 00 00 00 00 00 00 00 00 00 00 00 00 00 00 00 00 00 00 00 00 00 00 00 00 00 00 00 00 00 00 00 00 00 00 00 00 00 00 00 00 00 00 00 00 00 00 00 00 00 00 00 00 00 00 00 00 00 00 00 00 00 00 00 00 00 00 00 00 00 00 00 00 00 00 00 00 00 00 00 00 00 00 00 00 00 00 00 00 00 00 00 00 00 00 00 00 00 00 00 00 00 00 00 00 00 00 00 00 00 00 00 00 00 00 00 00 00 00 00 00 00 00 00 00 00 00 00 00 00 00 00 00 00 00 00 00 00 00 00 00 00 00 00 00 00 00 00 00 00 00 00 00 00 00 00 00 00 00 00 00 00 00 00 00 00 00 00 00 00 00 00 00 00 00 00 00 00 00 00 00 00 00 00 00 00 00 00 00 00 00 00 00 00 00 00 00 00 00 00 00 00 00 00 00 00 00 00 00 00 00 00 00 00 00 00 00 00 00 00 00
TX: 05 01 04 05 33 8B 9E 30 00
RX: 05 0F 04 00 02 01 04 05 22 0F 01 3A 48 17 C8 17 30 01 02 04 02 5A C3 0A B2 05 22 0F 01 8D 6E A1 B7 6A C4 01 02 0C 02 5A 46 74 C8 05 22 0F 01 C5 24 C7 BE BE 8C 01 02 0C 02 5A BF 06 B4
TX: 05 02 04 00
RX: 05 0E 04 02 02 04 00
TX: 05 19 04 0A C5 24 C7 BE BE 8C 01 00 BF 86
RX: 05 0F 04 00 02 19 04 05 3D 0E C5 24 C7 BE BE 8C 01 00 00 00 00 00 00 00 05 07 FF 00 C5 24 C7 BE BE 8C E5 B0 8F E7 B1 B3 E6 89 8B E6 9C BA 77 65 00 00 00 00 00 00 00 00 00 00 00 00 00 00 00 00 00 00 00 00 00 00 00 00 00 00 00 00 00 00 00 00 00 00 00 00 00 00 00 00 00 00 00 00 00 00 00 00 00 00 00 00 00 00 00 00 00 00 00 00 00 00 00 00 00 00 00 00 00 00 00 00 00 00 00 00 00 00 00 00 00 00 00 00 00 00 00 00 00 00 00 00 00 00 00 00 00 00 00 00 00 00 00 00 00 00 00 00 00 00 00 00 00 00 00 00 00 00 00 00 00 00 00 00 00 00 00 00 00 00 00 00 00 00 00 00 00 00 00 00 00 00 00 00 00 00 00 00 00 00 00 00 00 00 00 00 00 00 00 00 00 00 00 00 00 00 00 00 00 00 00 00 00 00 00 00 00 00 00 00 00 00 00 00 00 00 00 00 00 00 00 00 00 00 00 00 00 00 00 00 00 00 00 00 00 00 00 00 00 00 00 00 00 00 00 00 00 00 00 00 00 00 00 00 00 00 00 00 00 00 00 00 00 00
TX: 05 01 04 05 33 8B 9E 30 00
RX: 05 0F 04 00 02 01 04 05 22 0F 01 C5 24 C7 BE BE 8C 01 02 0C 02 5A BF 06 B4 05 22 0F 01 8D 6E A1 B7 6A C4 01 02 0C 02 5A 46 74 C4 05 22 0F 01 31 99 FF 3A 1F 00 01 02 0C 01 00 1C 4E B2 05 22 0F 01 58 71 28 82 E7 D0 01 02 00 01 92 1D 03 B0
TX: 05 02 04 00
RX: 05 0E 04 02 02 04 00
TX: 05 19 04 0A 58 71 28 82 E7 D0 01 00 1D 83
RX: 05 0F 04 00 02 19 04 05 3D 0E 58 71 28 82 E7 D0 00 00 00 00 00 00 00 00 05 07 FF 00 58 71 28 82 E7 D0 57 69 6E 64 6F 77 73 43 45 00 00 00 00 00 00 00 00 00 00 00 00 00 00 00 00 00 00 00 00 00 00 00 00 00 00 00 00 00 00 00 00 00 00 00 00 00 00 00 00 00 00 00 00 00 00 00 00 00 00 00 00 00 00 00 00 00 00 00 00 00 00 00 00 00 00 00 00 00 00 00 00 00 00 00 00 00 00 00 00 00 00 00 00 00 00 00 00 00 00 00 00 00 00 00 00 00 00 00 00 00 00 00 00 00 00 00 00 00 00 00 00 00 00 00 00 00 00 00 00 00 00 00 00 00 00 00 00 00 00 00 00 00 00 00 00 00 00 00 00 00 00 00 00 00 00 00 00 00 00 00 00 00 00 00 00 00 00 00 00 00 00 00 00 00 00 00 00 00 00 00 00 00 00 00 00 00 00 00 00 00 00 00 00 00 00 00 00 00 00 00 00 00 00 00 00 00 00 00 00 00 00 00 00 00 00 00 00 00 00 00 00 00 00 00 00 00 00 00 00 00 00 00 00 00 00 00 00 00 00 00 00 00 00 00 00 00 00 00
TX: 05 01 04 05 33 8B 9E 30 00
RX: 05 0F 04 00 02 01 04 05 22 0F 01 8D 6E A1 B7 6A C4 01 02 0C 02 5A 46 74 C2 05 22 0F 01 31 99 FF 3A 1F 00 01 02 0C 01 00 21 4E B2 05 22 0F 01 5A 68 A1 18 0D 00 01 02 04 04 24 86 25 BC
TX: 05 02 04 00
RX: 05 0E 04 02 02 04 00
TX: 05 19 04 0A 5A 68 A1 18 0D 00 01 00 86 A5
RX: 05 0F 04 00 02 19 04 05 07 FF 04 5A 68 A1 18 0D 00 00 00 00 00 00 00 00 00 00 00 00 00 00 00 00 00 00 00 00 00 00 00 00 00 00 00 00 00 00 00 00 00 00 00 00 00 00 00 00 00 00 00 00 00 00 00 00 00 00 00 00 00 00 00 00 00 00 00 00 00 00 00 00 00 00 00 00 00 00 00 00 00 00 00 00 00 00 00 00 00 00 00 00 00 00 00 00 00 00 00 00 00 00 00 00 00 00 00 00 00 00 00 00 00 00 00 00 00 00 00 00 00 00 00 00 00 00 00 00 00 00 00 00 00 00 00 00 00 00 00 00 00 00 00 00 00 00 00 00 00 00 00 00 00 00 00 00 00 00 00 00 00 00 00 00 00 00 00 00 00 00 00 00 00 00 00 00 00 00 00 00 00 00 00 00 00 00 00 00 00 00 00 00 00 00 00 00 00 00 00 00 00 00 00 00 00 00 00 00 00 00 00 00 00 00 00 00 00 00 00 00 00 00 00 00 00 00 00 00 00 00 00 00 00 00 00 00 00 00 00 00 00 00 00 00 00 00 00 00 00 00 00 00 00 00 00 00 00
TX: 05 12 0C 07 8D 6E A1 B7 6A C4 00
RX: 05 0E 06 02 12 0C 00 00 00
TX: 05 20 0C 01 01
RX: 05 0E 04 02 20 0C 00
TX: 05 22 0C 01 01
RX: 05 0E 04 02 22 0C 00
TX: 05 05 04 0D 8D 6E A1 B7 6A C4 18 CC 01 00 46 F4 01
RX: 05 0F 04 00 02 05 04 05 17 06 8D 6E A1 B7 6A C4
TX: 05 0C 04 06 8D 6E A1 B7 6A C4
RX: 05 0E 0A 02 0C 04 00 8D 6E A1 B7 6A C4 05 16 06 8D 6E A1 B7 6A C4
TX: 05 0D 04 17 8D 6E A1 B7 6A C4 04 30 30 30 30 00 00 00 00 00 00 00 00 00 00 00 00
RX: 05 0E 0A 02 0D 04 00 8D 6E A1 B7 6A C4 05 18 17 8D 6E A1 B7 6A C4 A4 E7 B1 53 0D 78 DE 1B 67 72 0D 1A F5 1F EC 55 00 05 03 0B 00 0A 00 8D 6E A1 B7 6A C4 01 01
TX: 05 1B 04 02 0A 00 05 09 08 02 0A 00
RX: 05 0F 04 00 01 1B 04 05 0E 07 02 09 08 00 0A 00 00
TX: 05 20 0C 01 00
RX: 05 0E 04 02 20 0C 00
TX: 05 06 04 03 0A 00 13 05 37 0C 04 0A 00 C0
TX: 12
RX: 05 0F 04 00 01 06 04 05 0E 06 02 37 0C 00 0A 00 05 05 04 00 0A 00 16 05 13 05 01 0A 00 00 00