rx: 04 04 0a c0 f9 79 fd f5 78 0c 02 5a 01
[06-17 17:34:30.546]tx: 01 09 04 07 c0 f9 79 fd f5 78 01
[06-17 17:34:30.546]rx: 04 0f 04 00 01 09 04
[06-17 17:34:30.734]rx: 04 16 06 c0 f9 79 fd f5 78
[06-17 17:34:31.000]tx: 01 19 04 0a c0 f9 79 fd f5 78 02 00 00 00
[06-17 17:34:31.000]rx: 04 0f 04 00 01 19 04
[06-17 17:34:31.015]rx: 04 07 ff 00 c0 f9 79 fd f5 78 55 39 35 30 38 00 00 00 00 00 00 00 00 00 00 00 00 00 00 00 00 00 00 00 00 00 00 00 00 00 00 00 00 00 00 00 00 00 00 00 00 00 00 00 00 00 00 00 00 00 00 00 00 00 00 00 00 00 00 00 00 00 00 00 00 00 00 00 00 00 00 00 00 00 00 00 00 00 00 00 00 00 00 00 00 00 00 00 00 00 00 00 00 00 00 00 00 00 00 00 00 00 00 00 00 00 00 00 00 00 00 00 00 00 00 00 00 00
[06-17 17:34:31.031]rx: 00 00 00 00 00 00 00 00 00 00 00 00 00 00 00 00 00 00 00 00 00 00 00 00 00 00 00 00 00 00 00 00 00 00 00 00 00 00 00 00 00 00 00 00 00 00 00 00 00 00 00 00 00 00 00 00 00 00 00 00 00 00 00 00 00 00 00 00 00 00 00 00 00 00 00 00 00 00 00 00 00 00 00 00 00 00 00 00 00 00 00 00 00 00 00 00 00 00 00 00 00 00 00 00 00 00 00 00 00 00 00 00 00 00 00 00 00 00 00 00 00 00 00 00 00 00 00 00 00 00
[06-17 17:34:31.031]handle sc prim
[06-17 17:34:31.031]SC_PASSKEY_IND
[06-17 17:34:31.046]handleScPasskeyInd
[06-17 17:34:31.046]Sent the entered passkey.
[06-17 17:34:31.609]tx: 01 0d 04 17 c0 f9 79 fd f5 78 04 30 30 30 30 00 00 00 00 00 00 00 00 00 00 00 00
[06-17 17:34:31.609]rx: 04 0e 0a 01 0d 04 00 c0 f9 79 fd f5 78
[06-17 17:34:31.640]rx: 04 18 17 c0 f9 79 fd f5 78 ed c7 7f 0e b7 3a 8c 55 5f 37 01 26 36 4c 74 48 00
[06-17 17:34:31.656]rx: 04 03 0b 00 32 00 c0 f9 79 fd f5 78 01 00 04 1b 03 32 00 05
[06-17 17:34:31.656]tx: 01 1b 04 02 32 00
[06-17 17:34:31.750]handle sc prim
[06-17 17:34:31.750]SC_BOND_IND
[06-17 17:34:31.750]Bond indication with result 0 received from device: (78f5:fd:79f9c0/5898764)
[06-17 17:34:31.750]rx: 04 1d 05 00 32 00 18 cc 04 0f 04 00 01 1b 04 02 32 20 0a 00 06 00 01 00 0a 02 02 00 02 00 04 0b 0b 00 32 00 bf fe cf fe db ff 7b 87
[06-17 17:34:31.750]tx: 01 1b 04 02 32 00
[06-17 17:34:31.750]tx: 02 32 00 10 00 0c 00 01 00 0b 02 08 00 02 00 00 00 00 00 00 00
[06-17 17:34:31.750]rx: 04 0f 04 00 01 1b 04
[06-17 17:34:31.750]tx: 01 09 08 02 32 00
[06-17 17:34:31.765]rx: 04 0e 07 01 09 08 00 32 00 01
[06-17 17:34:31.765]rx: 04 0b 0b 00 32 00 bf fe cf fe db ff 7b 87 04 13 05 01 32 00 01 00
[06-17 17:34:31.765]tx: 01 37 0c 04 32 00 c0 12
[06-17 17:34:31.765]rx: 02 32 20 0c 00 08 00 01 00 02 03 04 00 01 00 42 00
[06-17 17:34:31.765]rx: 04 0e 06 01 37 0c 0c 32 00
[06-17 17:34:31.781]tx: 02 32 00 10 00 0c 00 01 00 03 03 08 00 40 00 42 00 01 00 02 00
[06-17 17:34:31.828]rx: 04 13 05 01 32 00 01 00
[06-17 17:34:31.828]tx: 02 32 00 10 00 0c 00 01 00 03 03 08 00 40 00 42 00 00 00 00 00
[06-17 17:34:31.828]rx: 04 13 05 01 32 00 01 00
[06-17 17:34:31.828]rx: 02 32 20 10 00 0c 00 01 00 04 04 08 00 40 00 00 00 01 02 00 01
[06-17 17:34:32.000]tx: 02 32 00 0e 00 0a 00 01 00 05 04 06 00 42 00 00 00 00 00
[06-17 17:34:32.015]rx: 04 13 05 01 32 00 01 00
[06-17 17:34:32.015]tx: 02 32 00 0c 00 08 00 01 00 04 01 04 00 42 00 00 00
[06-17 17:34:32.015]rx: 04 13 05 01 32 00 01 00
[06-17 17:34:32.031]rx: 02 32 20 0e 00 0a 00 01 00 05 01 06 00 40 00 00 00 00 00
[06-17 17:34:32.031]rx: 02 32 20 18 00 14 00 40 00 06 00 00 00 0f 35 03 19 12 00 00 f0 35 05 0a 00 00 ff ff 00
[06-17 17:34:32.203]tx: 02 32 00 0e 00 0a 00 42 00 07 00 00 00 05 00 02 35 00 00
[06-17 17:34:32.203]rx: 04 13 05 01 32 00 01 00
[06-17 17:34:32.218]rx: 02 32 20 0c 00 08 00 01 00 06 05 04 00 40 00 42 00
[06-17 17:34:32.406]tx: 02 32 00 0c 00 08 00 01 00 07 05 04 00 40 00 42 00
[06-17 17:34:32.421]rx: 04 13 05 01 32 00 01 00
[06-17 17:34:32.421]rx: 02 32 20 0c 00 08 00 01 00 02 06 04 00 01 00 48 00
[06-17 17:34:32.421]tx: 02 32 00 10 00 0c 00 01 00 03 06 08 00 41 00 48 00 01 00 02 00
[06-17 17:34:32.437]rx: 04 13 05 01 32 00 01 00
[06-17 17:34:32.437]tx: 02 32 00 10 00 0c 00 01 00 03 06 08 00 41 00 48 00 00 00 00 00
[06-17 17:34:32.437]rx: 04 13 05 01 32 00 01 00
[06-17 17:34:32.437]rx: 02 32 20 10 00 0c 00 01 00 04 07 08 00 41 00 00 00 01 02 00 01
[06-17 17:34:32.609]tx: 02 32 00 0e 00 0a 00 01 00 05 07 06 00 48 00 00 00 00 00
[06-17 17:34:32.625]rx: 04 13 05 01 32 00 01 00
[06-17 17:34:32.625]tx: 02 32 00 0c 00 08 00 01 00 04 02 04 00 48 00 00 00
[06-17 17:34:32.625]rx: 04 13 05 01 32 00 01 00
[06-17 17:34:32.640]rx: 02 32 20 0e 00 0a 00 01 00 05 02 06 00 41 00 00 00 00 00
[06-17 17:34:32.640]rx: 02 32 20 18 00 14 00 41 00 06 00 00 00 0f 35 03 19 01 00 00 f0 35 05 0a 00 00 ff ff 00
[06-17 17:34:32.828]tx: 02 32 00 fe 00 fa 00 48 00 07 00 00 00 f5 00 f0 36 01 45 36 00 54 09 00 00 0a 00 01 00 00 09 00 01 35 03 19 11 0c 09 00 04 35 10 35 06 19 01 00 09 00 17 35 06 19 00 17 09 01 02 09 00 09 35 08 35 06 19 11 0e 09 01 03 09 03 11 09 00 01 09 01 02 25 03 43 53 52 09 01 00 25 0f 41 56 52 43 50 20 64 65 6d 6f 20 28 54 47 29 36 00 58 09 00 00 0a 00 01 00 01 09 00 01 35 03 19 11 0b 09 00 04 35 10 35 06 19 01 00 09 00 19 35 06 19 00 19 09 01 02 09 00 09 35 08 35 06 19 11 0d 09 01 02 09 03 11 09 00 00 09 01 02 25 
[06-17 17:34:32.859]rx: 04 13 05 01 32 00 01 00
[06-17 17:34:32.859]rx: 02 32 20 1a 00 16 00 41 00 06 00 01 00 11 35 03 19 01 00 00 f0 35 05 0a 00 00 ff ff 02 00 58
[06-17 17:34:33.015]tx: 02 32 00 64 00 60 00 48 00 07 00 01 00 5b 00 58 6e 64 73 2d 46 72 65 65 20 75 6e 69 74 09 03 11 09 00 1f 36 00 42 09 00 00 0a 00 01 00 03 09 00 01 35 06 19 11 08 19 12 03 09 00 04 35 0c 35 03 19 01 00 35 05 19 00 03 08 02 09 00 09 35 08 35 06 19 11 08 09 01 00 09 01 00 25 07 48 65 61 64 73 65 74 09 03 02 28 01 00
[06-17 17:34:33.031]rx: 04 13 05 01 32 00 01 00
[06-17 17:34:33.031]rx: 02 32 20 0c 00 08 00 01 00 06 08 04 00 41 00 48 00
[06-17 17:34:33.203]tx: 02 32 00 0c 00 08 00 01 00 07 08 04 00 41 00 48 00
[06-17 17:34:33.218]rx: 04 13 05 01 32 00 01 00
[06-17 17:34:33.296]rx: 02 32 20 0c 00 08 00 01 00 02 09 04 00 01 00 43 00
[06-17 17:34:33.296]tx: 02 32 00 10 00 0c 00 01 00 03 09 08 00 42 00 43 00 01 00 02 00
[06-17 17:34:33.312]rx: 04 13 05 01 32 00 01 00
[06-17 17:34:33.312]tx: 02 32 00 10 00 0c 00 01 00 03 09 08 00 42 00 43 00 00 00 00 00
[06-17 17:34:33.312]rx: 04 13 05 01 32 00 01 00
[06-17 17:34:33.312]rx: 02 32 20 10 00 0c 00 01 00 04 0a 08 00 42 00 00 00 01 02 00 01
[06-17 17:34:33.406]tx: 02 32 00 0e 00 0a 00 01 00 05 0a 06 00 43 00 00 00 00 00
[06-17 17:34:33.421]rx: 04 13 05 01 32 00 01 00
[06-17 17:34:33.421]tx: 02 32 00 0c 00 08 00 01 00 04 03 04 00 43 00 00 00
[06-17 17:34:33.437]rx: 04 13 05 01 32 00 01 00
[06-17 17:34:33.437]rx: 02 32 20 0e 00 0a 00 01 00 05 03 06 00 42 00 00 00 00 00
[06-17 17:34:33.437]rx: 02 32 20 1c 00 18 00 42 00 06 00 00 00 13 35 03 19 11 0b 00 f0 35 09 09 00 01 09 00 04 09 00 09 00
[06-17 17:34:33.609]tx: 02 32 00 3c 00 38 00 43 00 07 00 00 00 33 00 30 36 00 2d 36 00 2a 09 00 01 35 03 19 11 0b 09 00 04 35 10 35 06 19 01 00 09 00 19 35 06 19 00 19 09 01 02 09 00 09 35 08 35 06 19 11 0d 09 01 02 00
[06-17 17:34:33.609]rx: 04 13 05 01 32 00 01 00
[06-17 17:34:33.625]rx: 02 32 20 0c 00 08 00 01 00 06 0b 04 00 42 00 43 00
[06-17 17:34:33.812]tx: 02 32 00 0c 00 08 00 01 00 07 0b 04 00 42 00 43 00
[06-17 17:34:33.828]rx: 04 13 05 01 32 00 01 00
[06-17 17:34:33.843]rx: 02 32 20 0c 00 08 00 01 00 02 0c 04 00 19 00 45 00
[06-17 17:34:33.843]tx: 02 32 00 10 00 0c 00 01 00 03 0c 08 00 43 00 45 00 01 00 02 00
[06-17 17:34:33.859]rx: 04 13 05 01 32 00 01 00
[06-17 17:34:33.875]tx: 01 13 04 03 32 00 01
[06-17 17:34:33.875]rx: 04 0f 04 00 01 13 04
[06-17 17:34:33.890]rx: 04 08 04 00 32 00 01
[06-17 17:34:34.203]tx: 02 32 00 10 00 0c 00 01 00 03 0c 08 00 43 00 45 00 00 00 00 00
[06-17 17:34:34.218]rx: 04 13 05 01 32 00 01 00
[06-17 17:34:34.218]tx: 02 32 00 10 00 0c 00 01 00 04 04 08 00 45 00 00 00 01 02 a0 02
[06-17 17:34:34.218]rx: 02 32 20 10 00 0c 00 01 00 04 0d 08 00 43 00 00 00 01 02 a0 02
[06-17 17:34:34.218]rx: 04 13 05 01 32 00 01 00
[06-17 17:34:34.234]tx: 02 32 00 12 00 0e 00 01 00 05 0d 0a 00 45 00 00 00 00 00 01 02 a0 02
[06-17 17:34:34.234]rx: 02 32 20 0e 00 0a 00 01 00 05 04 06 00 43 00 00 00 00 00
[06-17 17:34:34.250]rx: 04 13 05 01 32 00 01 00
[06-17 17:34:34.265]tx: 01 24 0c 03 18 04 28
[06-17 17:34:34.265]rx: 02 32 20 06 00 02 00 43 00 00 01 04 0e 04 01 24 0c 00
[06-17 17:34:34.265]tx: 01 0d 08 04 32 00 0d 00
[06-17 17:34:34.265]rx: 04 0e 06 01 0d 08 00 32 00
[06-17 17:34:34.281]Connection established (id: 0)
[06-17 17:34:34.281]send_ind:S13
[06-17 17:34:34.281][EDRV][14]Wakeup uart2!
[06-17 17:34:35.203]tx: 01 03 08 0a 32 00 2c 01 c8 00 32 00 28 00
[06-17 17:34:35.203]tx: 02 32 00 08 00 04 00 45 00 02 01 08 08
[06-17 17:34:35.218]rx: 04 0f 04 00 01 03 08
[06-17 17:34:35.218]rx: 04 14 06 1a 32 00 00 00 00 04 13 05 01 32 00 01 00
[06-17 17:34:35.218]rx: 02 32 20 07 00 03 00 43 00 10 02 08
[06-17 17:34:35.234]Remote side requested capabilities, sending response
[06-17 17:34:35.265][EDRV][14]Uart2 sleep!
[06-17 17:34:35.609]tx: 02 32 00 10 00 0c 00 45 00 12 02 01 00 07 06 00 00 ff ff 02 fa
[06-17 17:34:35.640]rx: 04 13 05 01 32 00 01 00
[06-17 17:34:35.656]rx: 02 32 20 12 00 0e 00 43 00 20 03 08 08 01 00 07 06 00 00 21 15 02 fa
[06-17 17:34:35.656]Configuration request received
[06-17 17:34:35.656]sbc_stop
[06-17 17:34:35.656]rda_stop_a2dp_music
[06-17 17:34:35.671]sbc_close
[06-17 17:34:35.671]rda_stop_a2dp_music
[06-17 17:34:35.671]sbc_open
[06-17 17:34:35.671]sbc_open
[06-17 17:34:35.671]Configuration has been accepted
[06-17 17:34:36.203]tx: 02 32 00 06 00 02 00 45 00 22 03
[06-17 17:34:36.218]rx: 04 13 05 01 32 00 01 00
[06-17 17:34:36.218]rx: 02 32 20 07 00 03 00 43 00 30 06 08
[06-17 17:34:36.218]Received request to open stream
[06-17 17:34:37.015]tx: 02 32 00 06 00 02 00 45 00 32 06
[06-17 17:34:37.015]rx: 04 13 05 01 32 00 01 00
[06-17 17:34:37.015]rx: 02 32 20 0c 00 08 00 01 00 02 0e 04 00 19 00 40 00
[06-17 17:34:37.031]tx: 02 32 00 10 00 0c 00 01 00 03 0e 08 00 44 00 40 00 01 00 02 00
[06-17 17:34:37.046]rx: 04 13 05 01 32 00 01 00
[06-17 17:34:37.203]tx: 02 32 00 10 00 0c 00 01 00 03 0e 08 00 44 00 40 00 00 00 00 00
[06-17 17:34:37.234]rx: 04 13 05 01 32 00 01 00
[06-17 17:34:37.234]tx: 02 32 00 10 00 0c 00 01 00 04 05 08 00 40 00 00 00 01 02 a0 02
[06-17 17:34:37.234]rx: 02 32 20 10 00 0c 00 01 00 04 0f 08 00 44 00 00 00 01 02 9c 02
[06-17 17:34:37.250]rx: 04 13 05 01 32 00 01 00
[06-17 17:34:37.250]tx: 02 32 00 12 00 0e 00 01 00 05 0f 0a 00 40 00 00 00 00 00 01 02 9c 02
[06-17 17:34:37.250]rx: 02 32 20 0e 00 0a 00 01 00 05 05 06 00 44 00 00 00 00 00
[06-17 17:34:37.265]rx: 04 13 05 01 32 00 01 00
[06-17 17:34:37.609]tx: 01 03 08 0a 32 00 2c 01 c8 00 32 00 28 00
[06-17 17:34:37.609]rx: 04 0f 04 00 01 03 08
[06-17 17:34:37.625]rx: 04 14 06 1a 32 00 00 00 00
[06-17 17:34:40.781]rx: 02 32 20 0c 00 08 00 01 00 02 10 04 00 01 00 49 00
[06-17 17:34:40.781]tx: 02 32 00 10 00 0c 00 01 00 03 10 08 00 45 00 49 00 01 00 02 00
[06-17 17:34:40.796]rx: 04 13 05 01 32 00 01 00
[06-17 17:34:40.812]tx: 02 32 00 10 00 0c 00 01 00 03 10 08 00 45 00 49 00 00 00 00 00
[06-17 17:34:40.812]rx: 04 13 05 01 32 00 01 00
[06-17 17:34:40.812]rx: 02 32 20 10 00 0c 00 01 00 04 11 08 00 45 00 00 00 01 02 00 01
[06-17 17:34:41.015]tx: 02 32 00 0e 00 0a 00 01 00 05 11 06 00 49 00 00 00 00 00
[06-17 17:34:41.015]rx: 04 13 05 01 32 00 01 00
[06-17 17:34:41.015]tx: 02 32 00 0c 00 08 00 01 00 04 06 04 00 49 00 00 00
[06-17 17:34:41.015]rx: 04 13 05 01 32 00 01 00
[06-17 17:34:41.031]rx: 02 32 20 0e 00 0a 00 01 00 05 06 06 00 45 00 00 00 00 00
[06-17 17:34:41.031]rx: 02 32 20 1c 00 18 00 45 00 06 00 00 00 13 35 03 19 11 0e 00 f0 35 09 09 00 01 09 00 09 09 03 11 00
[06-17 17:34:41.218]tx: 02 32 00 2d 00 29 00 49 00 07 00 00 00 24 00 21 36 00 1e 36 00 1b 09 00 01 35 03 19 11 0c 09 00 09 35 08 35 06 19 11 0e 09 01 03 09 03 11 09 00 01 00
[06-17 17:34:41.234]rx: 04 13 05 01 32 00 01 00
[06-17 17:34:41.234]rx: 02 32 20 0c 00 08 00 01 00 06 12 04 00 45 00 49 00
[06-17 17:34:41.406]tx: 02 32 00 0c 00 08 00 01 00 07 12 04 00 45 00 49 00
[06-17 17:34:41.437]rx: 04 13 05 01 32 00 01 00
[06-17 17:34:43.343]rx: 02 32 20 0c 00 08 00 01 00 02 13 04 00 01 00 46 00
[06-17 17:34:43.343]tx: 02 32 00 10 00 0c 00 01 00 03 13 08 00 46 00 46 00 01 00 02 00
[06-17 17:34:43.375]rx: 04 13 05 01 32 00 01 00
[06-17 17:34:43.375]tx: 02 32 00 10 00 0c 00 01 00 03 13 08 00 46 00 46 00 00 00 00 00
[06-17 17:34:43.375]rx: 04 13 05 01 32 00 01 00
[06-17 17:34:43.390]rx: 02 32 20 10 00 0c 00 01 00 04 14 08 00 46 00 00 00 01 02 00 01
[06-17 17:34:43.421]tx: 02 32 00 0e 00 0a 00 01 00 05 14 06 00 46 00 00 00 00 00
[06-17 17:34:43.437]rx: 04 13 05 01 32 00 01 00
[06-17 17:34:43.437]tx: 02 32 00 0c 00 08 00 01 00 04 07 04 00 46 00 00 00
[06-17 17:34:43.437]rx: 04 13 05 01 32 00 01 00
[06-17 17:34:43.453]rx: 02 32 20 0e 00 0a 00 01 00 05 07 06 00 46 00 00 00 00 00
[06-17 17:34:43.453]rx: 02 32 20 1f 00 1b 00 46 00 06 00 00 00 16 35 03 19 11 1e 00 f0 35 0c 09 00 01 09 00 04 09 00 09 09 03 11 00
[06-17 17:34:43.625]tx: 02 32 00 41 00 3d 00 46 00 07 00 00 00 38 00 35 36 00 32 36 00 2f 09 00 01 35 06 19 11 1e 19 12 03 09 00 04 35 0c 35 03 19 01 00 35 05 19 00 03 08 01 09 00 09 35 08 35 06 19 11 1e 09 01 05 09 03 11 09 00 1f 00
[06-17 17:34:43.625]rx: 04 13 05 01 32 00 01 00
[06-17 17:34:43.625]rx: 02 32 20 0c 00 08 00 01 00 06 15 04 00 46 00 46 00
[06-17 17:34:43.812]tx: 02 32 00 0c 00 08 00 01 00 07 15 04 00 46 00 46 00
[06-17 17:34:43.843]rx: 04 13 05 01 32 00 01 00
[06-17 17:34:43.843]rx: 02 32 20 0c 00 08 00 01 00 02 16 04 00 03 00 47 00
[06-17 17:34:43.843]tx: 02 32 00 10 00 0c 00 01 00 03 16 08 00 47 00 47 00 01 00 02 00
[06-17 17:34:43.875]rx: 04 13 05 01 32 00 01 00
[06-17 17:34:44.218]tx: 02 32 00 10 00 0c 00 01 00 03 16 08 00 47 00 47 00 00 00 00 00
[06-17 17:34:44.234]rx: 04 13 05 01 32 00 01 00
[06-17 17:34:44.234]rx: 02 32 20 10 00 0c 00 01 00 04 17 08 00 47 00 00 00 01 02 9b 06
[06-17 17:34:44.812]tx: 02 32 00 12 00 0e 00 01 00 05 17 0a 00 47 00 00 00 00 00 01 02 50 01
[06-17 17:34:44.828]rx: 04 13 05 01 32 00 01 00
[06-17 17:34:44.828]tx: 02 32 00 10 00 0c 00 01 00 04 08 08 00 47 00 00 00 01 02 50 01
[06-17 17:34:44.828]rx: 04 13 05 01 32 00 01 00
[06-17 17:34:44.828]rx: 02 32 20 0e 00 0a 00 01 00 05 08 06 00 47 00 00 00 00 00
[06-17 17:34:44.843]rx: 02 32 20 08 00 04 00 47 00 03 3f 01 1c
[06-17 17:34:45.015]tx: 02 32 00 08 00 04 00 47 00 03 73 01 d7
[06-17 17:34:45.031]rx: 04 13 05 01 32 00 01 00
[06-17 17:34:45.046]rx: 02 32 20 12 00 0e 00 47 00 03 ef 15 83 11 02 f0 00 00 00 01 00 07 70
[06-17 17:34:45.562]tx: 02 32 00 12 00 0e 00 47 00 01 ef 15 81 11 02 e0 00 00 00 01 00 07 aa
[06-17 17:34:45.562]rx: 04 13 05 01 32 00 01 00
[06-17 17:34:45.578]rx: 02 32 20 08 00 04 00 47 00 0b 3f 01 59
[06-17 17:34:46.625]tx: 02 32 00 08 00 04 00 47 00 0b 73 01 92
[06-17 17:34:46.640]rx: 04 13 05 01 32 00 01 00
[06-17 17:34:46.640]tx: 02 32 00 09 00 05 00 47 00 09 ff 01 12 5c
[06-17 17:34:46.656]rx: 02 32 20 0c 00 08 00 47 00 03 ef 09 e3 05 0b 8d 70
[06-17 17:34:46.656]rx: 04 13 05 01 32 00 01 00
[06-17 17:34:46.656]tx: 02 32 00 0c 00 08 00 47 00 01 ef 09 e3 05 0b 8d aa
[06-17 17:34:46.656]tx: 02 32 00 0c 00 08 00 01 00 02 09 04 00 01 00 48 00
[06-17 17:34:46.656]tx: 02 32 00 0c 00 08 00 47 00 01 ef 09 e1 05 0b 8d aa
[06-17 17:34:46.671]rx: 04 13 05 01 32 00 01 00 02 32 20 0c 00 08 00 47 00 03 ef 09 e1 05 0b 8d 70 04 13 05 01 32 00 01 00
[06-17 17:34:46.671]rx: 02 32 20 10 00 0c 00 01 00 03 09 08 00 44 00 48 00 00 00 00 00 04 13 05 01 32 00 01 00 02 32 20 10 00 0c 00 01 00 04 18 08 00 48 00 00 00 01 02 00 01
[06-17 17:34:46.671]tx: 02 32 00 0c 00 08 00 01 00 04 0a 04 00 44 00 00 00
[06-17 17:34:46.687]rx: 04 13 05 01 32 00 01 00
[06-17 17:34:46.703]tx: 02 32 00 0e 00 0a 00 01 00 05 18 06 00 44 00 00 00 00 00
[06-17 17:34:46.703]rx: 02 32 20 0e 00 0a 00 01 00 05 0a 06 00 48 00 00 00 00 00
[06-17 17:34:46.703]rx: 04 13 05 01 32 00 01 00
[06-17 17:34:46.703]tx: 01 1f 04 02 32 00
[06-17 17:34:46.703]tx: 02 32 00 13 00 0f 00 44 00 02 00 01 00 0a 35 05 1a 00 00 11 1f 00 40 00
[06-17 17:34:46.718]rx: 04 0f 04 00 01 1f 04 04 1c 05 00 32 00 cb 3b
[06-17 17:34:46.734]rx: 04 13 05 01 32 00 01 00
[06-17 17:34:46.734]rx: 02 32 20 12 00 0e 00 48 00 03 00 01 00 09 00 01 00 01 00 01 00 01 00
[06-17 17:34:47.015]tx: 02 32 00 15 00 11 00 44 00 04 00 02 00 0c 00 01 00 01 00 70 35 03 09 00 01 00
[06-17 17:34:47.046]rx: 04 13 05 01 32 00 01 00
[06-17 17:34:47.046]rx: 02 32 20 19 00 15 00 48 00 05 00 02 00 10 00 0d 35 0b 09 00 01 35 06 19 11 1f 19 12 03 00
[06-17 17:34:47.812]tx: 02 32 00 15 00 11 00 44 00 04 00 03 00 0c 00 01 00 01 00 4b 35 03 09 03 11 00
[06-17 17:34:47.828]rx: 04 13 05 01 32 00 01 00
[06-17 17:34:47.843]rx: 02 32 20 14 00 10 00 48 00 05 00 03 00 0b 00 08 35 06 09 03 11 09 00 07 00
[06-17 17:34:48.421]tx: 02 32 00 15 00 11 00 44 00 04 00 04 00 0c 00 01 00 01 00 4b 35 03 09 03 01 00
[06-17 17:34:48.453]rx: 04 13 05 01 32 00 01 00
[06-17 17:34:48.453]rx: 02 32 20 13 00 0f 00 48 00 05 00 04 00 0a 00 07 35 05 09 03 01 08 01 00
[06-17 17:34:49.015]tx: 02 32 00 15 00 11 00 44 00 04 00 05 00 0c 00 01 00 01 00 4b 35 03 09 01 00 00
[06-17 17:34:49.031]rx: 04 13 05 01 32 00 01 00
[06-17 17:34:49.046]rx: 02 32 20 25 00 21 00 48 00 05 00 05 00 1c 00 19 35 17 09 01 00 25 12 48 61 6e 64 73 66 72 65 65 20 47 61 74 65 77 61 79 00 00
[06-17 17:34:49.625]tx: 02 32 00 15 00 11 00 44 00 04 00 06 00 0c 00 01 00 01 00 4b 35 03 09 00 09 00
[06-17 17:34:49.640]rx: 04 13 05 01 32 00 01 00
[06-17 17:34:49.656]rx: 02 32 20 1b 00 17 00 48 00 05 00 06 00 12 00 0f 35 0d 09 00 09 35 08 35 06 19 11 1e 09 01 06 00
[06-17 17:34:50.218]tx: 02 32 00 0c 00 08 00 01 00 06 0b 04 00 44 00 48 00
[06-17 17:34:50.250]rx: 04 13 05 01 32 00 01 00
[06-17 17:34:50.250]rx: 02 32 20 0c 00 08 00 01 00 07 0b 04 00 44 00 48 00
[06-17 17:34:50.828]tx: 02 32 00 14 00 10 00 47 00 09 ef 19 41 54 2b 42 52 53 46 3d 31 32 37 0d 40
[06-17 17:34:50.859]rx: 04 13 05 01 32 00 01 00
[06-17 17:34:50.859]rx: 02 32 20 17 00 13 00 47 00 0b ff 1d 04 0d 0a 2b 42 52 53 46 3a 20 33 35 39 0d 0a 86
[06-17 17:34:50.859]rx: 02 32 20 0e 00 0a 00 47 00 0b ef 0d 0d 0a 4f 4b 0d 0a 9a
[06-17 17:34:50.859]Service level connection established to: Handsfree Gateway
[06-17 17:34:50.953]send_ind:S33
[06-17 17:34:50.953][EDRV][14]Wakeup uart2!
[06-17 17:34:51.640]rx: 02 32 20 08 00 04 00 47 00 0b 53 01 b8
[06-17 17:34:51.656]tx: 02 32 00 13 00 0f 00 47 00 09 ff 15 02 41 54 2b 43 49 4e 44 3d 3f 0d 5c
[06-17 17:34:51.656]Send_RFC_Release_Ind  back trace 0x8806484d
[06-17 17:34:51.656]cmDisconnectIndMsgCleanupSend,back trace:0x8802a84f
[06-17 17:34:51.656]HfInitInstanceData back trace:0x8806ba95
[06-17 17:34:51.671]LINK_STATUS_DISCONNECTED src/hf_util.c:184
[06-17 17:34:51.671]LINK_STATUS_DISCONNECTED src/hf_connect_sef.c:243
[06-17 17:34:51.671]LINK_STATUS_DISCONNECTED src/hf_connect_sef.c:244
[06-17 17:34:51.671]Disconnect ind received from: Handsfree Gateway
[06-17 17:34:51.671]send_ind:S13
[06-17 17:34:51.687]rx: 04 13 05 01 32 00 01 00
[06-17 17:34:51.687]tx: 02 32 00 08 00 04 00 47 00 0b 73 01 92
[06-17 17:34:51.687]HF Link status: 171
[06-17 17:34:51.687]LINK_STATUS_DISCONNECTED src/hf_app.c:646
[06-17 17:34:51.703]link status disconnected
[06-17 17:34:51.703]rx: 02 32 20 08 00 04 00 47 00 09 0f 01 07 04 13 05 01 32 00 01 00
[06-17 17:34:51.703]tx: 01 03 08 0a 32 00 2c 01 c8 00 32 00 28 00
[06-17 17:34:51.703]rx: 02 32 20 08 00 04 00 47 00 03 53 01 fd 04 0f 04 00 01 03 08
[06-17 17:34:51.703]tx: 02 32 00 08 00 04 00 47 00 03 73 01 d7
[06-17 17:34:51.718]rx: 04 14 06 1a 32 00 00 00 00 04 13 05 01 32 00 01 00
[06-17 17:34:51.718]rx: 02 32 20 0c 00 08 00 01 00 06 19 04 00 47 00 47 00
[06-17 17:34:51.828]tx: 02 32 00 0c 00 08 00 01 00 07 19 04 00 47 00 47 00
[06-17 17:34:51.843]rx: 04 13 05 01 32 00 01 00
[06-17 17:34:52.656][EDRV][14]Uart2 sleep!
[06-17 17:34:52.687]rx: 02 32 20 0c 00 08 00 01 00 02 1a 04 00 01 00 41 00
[06-17 17:34:52.687]tx: 02 32 00 10 00 0c 00 01 00 03 1a 08 00 49 00 41 00 01 00 02 00
[06-17 17:34:52.703]rx: 04 13 05 01 32 00 01 00
[06-17 17:34:52.703]tx: 02 32 00 10 00 0c 00 01 00 03 1a 08 00 49 00 41 00 00 00 00 00
[06-17 17:34:52.718]rx: 04 13 05 01 32 00 01 00
[06-17 17:34:52.718]rx: 02 32 20 10 00 0c 00 01 00 04 1b 08 00 49 00 00 00 01 02 00 01
[06-17 17:34:52.828]tx: 02 32 00 0e 00 0a 00 01 00 05 1b 06 00 41 00 00 00 00 00
[06-17 17:34:52.843]rx: 04 13 05 01 32 00 01 00
[06-17 17:34:52.843]tx: 02 32 00 0c 00 08 00 01 00 04 0c 04 00 41 00 00 00
[06-17 17:34:52.859]rx: 04 13 05 01 32 00 01 00
[06-17 17:34:52.859]rx: 02 32 20 0e 00 0a 00 01 00 05 0c 06 00 49 00 00 00 00 00
[06-17 17:34:52.859]rx: 02 32 20 1f 00 1b 00 49 00 06 00 00 00 16 35 03 19 11 1e 00 f0 35 0c 09 00 01 09 00 04 09 00 09 09 03 11 00
[06-17 17:34:53.031]tx: 02 32 00 41 00 3d 00 41 00 07 00 00 00 38 00 35 36 00 32 36 00 2f 09 00 01 35 06 19 11 1e 19 12 03 09 00 04 35 0c 35 03 19 01 00 35 05 19 00 03 08 01 09 00 09 35 08 35 06 19 11 1e 09 01 05 09 03 11 09 00 1f 00
[06-17 17:34:53.031]rx: 04 13 05 01 32 00 01 00
rx: 02 32 20 0c 00 08 00 01 00 06 1c 04 00 49 00 41 00
